[94.33598163429947, 72.06392296236154, 96.99647636047094, -278.71993893258923, 4.978152240681549, 98.9858451682361, 99.09085427875215, 84.21206195302727, 95.73862720934576, 99.66465754161501, 97.38622824762486, -2217.2670411118074, 0.847142857142857, 0.14999999999999986, 88.77823567488866, 0.621666666666667]
[97.86625201790126, 88.47967444718661, 99.29523836739418, 98.26346272158949, 54.2878175687584, 99.77921485777792, 99.81988961577616, 95.3894760084063, 97.87851247927674, 99.94874099115151, 97.33179614889423, -2993.9763691560747, 0.8271428571428566, 0.15142857142857127, 88.4682252628242, 0.5883333333333335]
[97.67676301877167, 89.60538351014698, 99.528490079512, 98.04486313289776, 60.21735645368812, 99.69584364391937, 99.7151737432998, 95.00122000872045, 97.46555837041869, 99.930802036402, 97.031480780284, -5537.184725312574, 0.8214285714285713, 0.14571428571428557, 86.02418898283298, 0.6183333333333336]

med [600.10256287   6.5921      41.15738539   4.6647      -0.9991
   6.52746856   0.62641296   3.21994281   2.95796174  14.61841589
  19.87205999   7.3743475    7.48896663] 

iqr: [114.13344265   2.001125     0.21729379   0.3916       1.1227
   1.86319473   0.31561594   4.02145219   3.5806837    0.72513466
   0.74527789   0.12042544   0.33270678] 

[-1.0273167677085153, -2.3742018649458903, 20.07873765309467, 0.7750625878597177, 7.080344719328181, 12.18196715390746, 6.922315144414107, 11.255436036547767, 3.098816271156071, 41.21891241656261, 5.984599756834863, -5.211806828069688, 176.31220853342757]
[-0.4643007589190482, -2.3736551835894613, 20.0787462009694, 0.7845891075209304, 0.7454083049245024, 11.525677922432909, 6.9451738488954335, 2.122553524726202, 3.0987128042459475, 41.24272197455415, 5.9846840973504625, -5.210241511201859, 176.4457976287926]



6.110356790018416 5.419313704168172
6.0851 -1.9697338945865628
20.03890469560679 20.061673818334633
0.6990860766203316 0.4961199143355435
2.8717191838980187 2.987721929526757

14.635329454075096 13.991405379283613
7.409664840137146 6.97851603429753
2.4472220020761024 2.1010003129234875
4.6741 3.36070935370922
41.25081571142798 41.18855029341102

7.663361614193152 7.581344007387961
-0.9239 -4.369379404306412
2 2
6 0
542.783623015537 624.0531051850572
3 3

[88.69062626622558, -32.36978676745758, 99.88637541285959, 70.96692824065246, 95.96051221584702, 
95.60020786131201, 94.1812644007305, 85.8524609185886, 71.90067293616355, 99.84905651696067, 
98.92974374779224, -272.9277415636337, 100.0, 14.285714285714292, 85.02727814114726, 100.0]